                                                                                                                                                                                                                                                                                                                                                                        
                                                                                                                                                                                                                                                                                                                                                                        
                                                                                                                                                                                                                                                                                                                                                                        
                                                                                                                                                                                                                                                                                                                                                                        
                                                                                                                                                                                                                                                                                                                                                                        
                                                                                                                                                                                                                                                                                                                                                                        
                                                                                                                                                                                                                                                                                                                                                                        
                                                                                                                                                                                                                                                                                                                                                                        
                                                                                                                                                                                                                                                                                                                                                                        
                                                                                                                                                                                                                                                                                                                                                                        
                                                                                                                                                                                                                                                                                                                                                                        
                                                                                                                                                                                                                                                                                                                                                                        
                                                                                                                                                                                                                                                                                                                                                                        
                                                                                                                                                                                                                                                                                                                                                                        
                                                                                                                                                                                                                                                                                                                                                                        
                                                                                                                                                                                                                                                                                                                                                                        
1 1 1                                                                                                                                                                                                                                                                                                                                                                   
      1 1                                                                                                                                                                                                                                                                                                                                                               
2 2 2 1 1 2 2                                                                                                                                                                                                                                                                                                                                                           
1 1 1 1 1     2 2 1 1 1                                                                                                                                                                                                                                                                                                                                                 
2 1 1 2 2 2 1     1 1   1 1 1 1 1                                                                                                                                                                                                                                                                                                                                       
  1 1     1 2 3 2 2 1 1 1         1 1 1                                                                                                                                                                                                                                                                                                                                 
2 2 2 2 2 1     1 1 1 2 1 2 2           1 1 1 1                                                                                                                                                                                                                                                                                                                         
      1 1 2 2 2 1   1 1 1 1   2 1 1             1 1 1                                                                                                                                                                                                                                                                                                                   
2 2 2 2 1   1 1 2 2 2 1 2 1 1 1 1 1 1 1 1 1           1 1 1                                                                                                                                                                                                                                                                                                             
        1 2 2 1   1 1 1 1 1 2 2 2 1 1 1     1 1 1           1 1 1                                                                                                                                                                                                                                                                                                       
2 1 1 1       1 2 2 1 2 1 2 1 1 1 2 2 2 1 1       1 1 1           1 1 1                                                                                                                                                                                                                                                                                                 
  1 1 1 1 1 1 1     1 1 2 1 2 1 1 1 1 1 2 1 2           1 1 1           1 1                                                                                                                                                                                                                                                                                             
1 1 1 1 1 1 1 1 1 1 1     1 1 1 2 2 2 1 1 2 1 2 2 1           1 1 1         1 1 1                                                                                                                                                                                                                                                                                       
1 1 1 1 2 1 1   1 1 1 1 1 1   1 1 1 1 2 3 1 1 2 1 1 2 1 1           1 1           1 1                                                                                                                                                                                                                                                                                   
1 1 1     1 1 2 2 1   1 1 1 2 1 1   1 1   2 3 2 1 2 1 1   1 1 1         1 1 1         1 1 1                                                                                                                                                                                                                                                                             
2 2 2 2 2 2       1 2 2 2     1 1 2 1 1 1 1 1 1 3 2 2 2 2 1     1 1           1 1           1 1                                                                                                                                                                                                                                                                         
      1 1 1 2 2 2 1 1     2 2 2 1   1 1 2 1   1 1 1 2 2 2 3 1       1 1 1         1 1 1         1 1                                                                                                                                                                                                                                                                     
2 2 2 1 1 1 2 1 1 1 1 2 1 1 1   1 2 1 1   1 2 2 1 1 1 1 2 1 3 3 1         1 1           1 1         1 1 1                                                                                                                                                                                                                                                               
      1 1 1   1 1 2 2 1 2 1   1 1 1 2 1 2 1 1 1 1 2 2 2 1 2 2 2 3 3 2         1 1 1         1 1 1         1 1                                                                                                                                                                                                                                                           
2 2 2 1 1 1 2 2 1     1 1 2 2 2 2 1   1 1 2 2 1 1 1 1 1 2 1 1 2 2 2 2 2 1           1 1           1 1         1 1                                                                                                                                                                                                                                                       
      1 1       1 2 1 1 1 1 2 2   1 2 1 1 1 1 1 2 2 1 1 1 2 2 2 2 2 2 3 3 2 1 1         1 1 1         1 1         1 1                                                                                                                                                                                                                                                   
          1 1 1     1 1 1       2 2 2 2 2 2 1 1 1 1 2 3 2 1 2 1 2 2 3 2 2 3 2   1 1           1 1         1 1         1 1                                                                                                                                                                                                                                               
1 1 1 1 1 1 1 1 2 2 1 1 1 2 2         1 1   1 2 1 1 1 1 2 2 2 2 1 2 2 3 3 3 4 4 1   1 1 1         1 1         1 1 1       1 1 1                                                                                                                                                                                                                                         
                    1 1       2 2 2 1 1 1 2 2 2 2 2 1     1 1 2 3 2 1 2 3 3 3 4 5 3       1 1         1 1 1         1 1         1 1                                                                                                                                                                                                                                     
1 1                     1 1         1 1         1 1 1 2 2 1 1 1 1 2 3 3 1 2 3 3 5 7 8 3       1 1           1 1         1 1         1 1                                                                                                                                                                                                                                 
1 1 2 2 1 1 1 1 1 1 1 1 1 1 2 2 1 1 1 1 2 2 1 1 1 1 2 2 1 2 2 2 1 1 1 1 3 3 2 3 3 4 5 10 12         1 1 1         1 1         1 1         1 1                                                                                                                                                                                                                             
        1 1                     1 1 1       1 1 1       1 1 1   1 1         1 1 1   1 1 2 14 14 7 4 3 2 2 2 2 1 1 1 1 2 2         1 1         1 1                                                                                                                                                                                                                         
            1 1                       1 1         1 1         1 1   1 1           1 1         7 8 5 4 3 3 2 3 2 1 1 1 1 2 2 2 1 1 1 2 2 2 1 1 1 2 2 1 1                                                                                                                                                                                                                 
                1 1                       1 1         1 1         1 1   1 1 1         1 1       2 6 5 4 3 3 2 2 3 2 2 1 1 1 1 2 2 1 1     1 1       1 1 1 1 1 1 1 1 1 1 1 1 1 1 1 1                                                                                                                                                                                     
                    1 1                       1 1         1 1         1 1 1   1 1         1 1 1     3 4 4 3 3 2 1 2 1 2 3 1 1 1   1 1 1 1 1 1 2 2 1 1   1 1                         1 1 1 1 1 1 1 1 1 1 1 1 1 1 1                                                                                                                                                       
                        1 1                       1 1 1       1 1 1         1 1   1 1 1         1 1   1 3 3 2 3 3 2 2 1 1 3 2 1 2 1 1 2 2         1 1 1 1 1 2 2 1 1 1                                             1 1 1 1 1 1 1 1 1 1 1 1 1 1 1                                                                                                                         
                            1 1                         1 1         1 1         1 1 1   1 1         1 1 1 2 3 2 2 2 2 2 1 1 1 2 2 2 1 1 1 2 2 2 1 1   1 1       1 1   1 1 1 1 1 1 1                                                             1 1 1 1 1 1 1 1 1 1 1 1 1 1 1 1 1 1 1                                                                                   
                                1 1                         1 1         1 1           1 1   1 1           1 2 3 3 2 2 2 2 2 2 1 1 1 2 2   1 1 1 2 1 1 1 1 2 2 1     1 1             1 1 1 1 1 1 1 1 1                                                                                 1 1 1 1 1 1 1 1 1 1 1 1 1 1 1 1 1 1 1 1 1 1 1 1 1 1 1 1 1 1 1 1 1 1 1 1 1 1 1 1 1 
                                    1 1                         1 1         1 1 1         1 1   1 1 1         1 2 3 2 2 2 1 1 2 1 1 1 1 2 2 1 1   1 2 2 1     1 2 2 1 1 2 1                           1 1 1 1 1 1 1 1 1                                                                                                                                                 
                                        1 1                         1 1           1 1         1 1 1   1 1         1 3 3 1 2 2 1 1 2 2 1 1 1 2 1 2 1 1   1 2 2 1 1   1 1   1 2 2 1 1                                     1 1 1 1 1 1 1 1 1 1 1                                                                                                                         1 
                                            1 1                         1 1 1         1 1           1 1   1 1 1       1 3 2 1 2 2 1 1 1 2 1 1 1 1 2 1 1 1 1 1 1 1 1 1 1 2 2     1 1 1 1 1 1 1 1                                               1 1 1 1 1 1 1 1 1 1 1 1 1 1 1                                                                                       1 1   
                                                1 1                           1 1         1 1 1         1 1 1   1 1     1 2 3 2 2 2   1 1 1 1 2 1   1 2 2 1   1 1 2 2       2 2 1 1 1 1 1       1 1 1 1 1 1 1                                                               1 1 1 1 1 1 1 1 1 1 1 1 1 1 1 1 1 1 1 1 1 1 1 1 1 1 1 1 1 1 1 1 1 1 1 1 1 1 1 1 1 2 2 1 1 1 
                                                    1 1                           1 1           1 1           1 1   1 1 1   1 1 2 2 3 1   1 1   1 2 1 1   1 2 2       2 2 2 1   1 1 1 1 1 2 2                 1 1 1 1 1 1 1                                                                                                                             1 1 1           
                                                        1 1                           1 1 1         1 1 1         1 1 1   1 1 1 1 1 1 2 3 2 1 1 1   1 1 2 1 1   2 2 2 1     1 2 1 1 1 1 1     2 2 1 1 1 1                   1 1 1 1 1 1 1 1 1                                                                                                       1 1                 
                                                            1 1                             1 1           1 1           1 1   1 1 2 1 2 1 1 2 2 2 1 1 1   1 1 1 1     1 2 1 1   1 1 1 1 1 2 2     1 1     1 1 1 1 1 1                         1 1 1 1 1 1 1 1 1 1 1                                                                             1 2 1 1 1 1 1 1 1 1 2 2 
                                                                1 1                             1 1 1         1 1 1         1 1 1   2 2 2 2 1 1 1 2 2   1 1   1 1 2 1 1   1 1 2 1 1 1 1 1     2 2 2 1 1 1             1 1 1 1 1 1                                   1 1 1 1 1 1 1 1 1 1 1 1 1 1 1 1 1 1 1 1 1 1 1 1 1 1 1 1 1 1 1 1 1 1 1 1 2 2 1               1 1     
                                                                    1 1                               1 1           1 1           1 1 1 1 2 2 2 1 1 1 2 2 1 1 1     1 1 2 1 1   1 1 1 1 1 2 1 1     1 2 1 2 2 2                   1 1 1 1 1 1 1 1                                                                                       1 1             1 2 2 2 1 1 2 2 
                                                                        1 1 1                             1 1 1         1 1 1           1 1 1 1 2 2 1 1 1 1 2 1 2 1 1     1 1 2 1 1 1 1 1   1 1 2 2     1 1     2 2 1 1 1                         1 1 1 1 1 1 1 1 1 1 1 1                                                         1 2 2 1 1 1 1 1 1 1 2 1     1 1 1     
                                                                              1 1                               1 1           1 1 1         1 2 2 1 2 2 1 1 1 1 1 1 1 2 1       1 1 1 1 1 2 1 1     2 2 2 1 1 1 1   1 1   1 1 1 1 1 1 1                                   1 1 1 1 1 1 1 1 1 1 1 1 1 1 1 1 1 1 1 1 1 1 1 1 1 1 1 2 1             1 1 1   1 1 2 1 1 1 2 2 
                                                                                  1 1                               1 1 1           1 1 1         2 1 2 2 2 1 2 1 2 1   1 2 2 1     1 1 1 1 1 1 2 1 1     1 2 2 1 2 2 1 1 1 1           1 1 1 1 1 1 1                                                                     1 1 1           1 1 2 1 2 2 2 1 1   1 1 2 1 1 
                                                                                      1 1 1                               1 1 1           1 1 1     1 1 1 2 3 2 1 1 2 2 1 1   1 2 2         1 1 1 1 1 2 2 1     1 1 1 1 2 2 1 2 1 1                   1 1 1 1 1 1 1 1 1 1 1 1 1                                     1 2 2 1 1 1 1 1 2 2 2 1 2 1 1     1 1 1 2 2 2 1 1 1 
                                                                                            1 1                                 1 1 1           1 1 1   1 1   1 3 2 1 1 2 2 2 1     2 2 2 1       1 1 1   1 2 2 2 1   1 1 1 1 1 2 1 2 2 1 1                                     1 1 1 1 1 1 1 1 1 1 1 1 1 1 1 1 1 2 1         1 1 1   1 1 1     1 2 2 2 2 2 1     1 1 1 
                                                                                                1 1                                   1 1 1           1 1 1 1     1 1 2 1 1 2 2 2 2       1 2 2 1 1     1 1 1 1   1 2 2 2   1 1 1 1 1 1 1 1 2 1 1 1 1 1 1                                                   1 1 1       1 1 1   1 1 2 1 2 2 2 3 2 1 1     1 1 1 2 1 1 1 
                                                                                                    1 1 1                                   1 1 1           1 2 2 1 1 1 1 1   1 2 2 2 2 2 1     1 1 2 1 1 1     1 1 1 1   2 2 2 2 2 1 1 2 1 1 2 1 1       1 1 1 1 1 1 1 1 1 1 1 1 1 1 1 1 1 1 1 1 1 1 2 2 2 1 1 1 2 2 2 2 2 2 2 2 2 1 2 1 1 1     1 1 2 2 1 1 1   1 1 1 
                                                                                                          1 1 1                                   1 1 1 1         1 2 1 2 2 1 1     2 2 2 2 3 2 1 1 1 1 1 1 2 1 1 1     1 1 1 1   1 2 2 2 2 2 2 1 1 2 1 1                                         1 1     1 1 1 2 1 1 1 1 1 1 2 1 1 1     1 2 2 2 1 1   1 1 1 1 1       
                                                                                                                1 1 1                                     1 1 1 1     1 1   2 2 2 2       1 1 1 2 2 1 2 1 1 1 2 1 1 1 1 1 1 1 1 1 1 1 1 1 2 1 1 3 3 2 3 3 3 3 1                             1 1 1 1 1 1 2 1 1 2 1 2 2 2 1 1 2 2 2 2 2 2 2 1   1 1 1 1 1         1 2 2 2 
                                                                                                                      1 1 1                                       1 1 1 1 1 1   1 1 2 2 2 1 1 2 1 1 1 1 2 1 1 1 2 2 2 2 2 2 1   1 1 1 1 1 1 2 1 1 1 2 2 1 2 2 3 4 3 3 2 1 1 1 1 1 1 1 2 2 3 2 3 3 3 3 4 3 3 3 2 3 2 2 2 2 2 1   1 1 1 1 1 1 1       1 1 1 2 2 2 1       
                                                                                                                            1 1 1                                         1 1 2 2 1 1 1 1 1 1   1 1 2 2 2 2 1 1 1   1 1 1 1 2 3 3 3 2 1 1 1 1 2 2 1 1 1 2 2 2 3 3 4 4 5 5 5 5   5 5 5 5 5 4 4 3 3 2 2 1 1 1 2 2 1 1 1 1 1 1 1 1     1 1 1 1 1 1 1 2 1 1 1     1 1 2 2 2 
                                                                                                                                  1 1 1                                           1 1 1 1 2 2 2 2         1 2 2 1 2 2 2 1 1 1 1 1 1 2 2 2 2 2 1 1 2 2 3 3 3 3 3 3 4 4 4 6 6 6 11 6 6 6 5 4 3 3 3 2 2 2 2 2 2 1 1 1 1 1 1 1 1 1 1 1 1     1 1 2 2 2 1 1 1 1 1 2 1 1   1 1 
                                                                                                                                        1 1 1 1                                     1 1 1     1 1 2 2 2 1 1 1 1 2 2 2 1 2 2 2 2 1 1 1 2 2 2 2 3 3 3 3 2 2 2 1 1 2 1 1 1                 1 2 2 2 3 2 2 2 2 1 1 1 1 1 1 1 1 2 2 2 2 2 2 2 1 1         1 1 1 2 2 2 2 2 1 1 
                                                                                                                                                1 1 1 1 1                                 1 1     1 1 1 1 1 1         1 1 1     1 1 1 1                 1 1 2 2 1 1 1 1 1 1 1 1 1 1 1           1 2 2 2 2 3 3 2 2 2 2 2 2 1 1 1 1 1 1 1 1 1 2 2 2 2 1 2 2 1         1 1 
                                                                                                                                                          1 1 1 1 1                           1 1       1 1   1 1 1         1 1 1 1     1 1 2 2 2 1 1 1                               1 1 1 1 1               1 1 1 1 1 1 1 1 1 1 2 2 2 2 2 1 2 2 2 2 1 1 1 1 2 2 2 2 2 
                                                                                                                                                                    1 1 1 1 1 1 1 1               1 1       1 1 1   1 1 1   1 1 1 1 2 2 2 2 1     1 1 1 1 1 1                                                         1 1 1 1 1 1     1 1 1 1           1 1 1 1 1 1     
                                                                                                                                                                                    1 1 1 1 1 1 1 1 1 2 2 1 1 1 1 2 2 2 1 2 1 1               1 1 1 1 1       1 1 1 1 1 1 1 1 1 1 1 1 1 1 1 1 1 1 1 1 1 1 1 1 1 1 1 1     1 1 1 1 1 1             1 1 1 1 1 1       1 1 
                                                                                                                                                                                                          1 1 1         1 1 1   1 1 1 1                 1 1 1 1 1 1 1 1 1 1                             1 1 1 1 1 1 1 1 1                 1 1 1 1 1 1 1         1 1     
                                                                                                                                                                                                                1 1           1 1 1 1   1 1 1 1                             1 1 1 1 1 1 1 1 1 1 1 1 1 1                         1 1 1 1 1   1 1 1         1 1 1         
                                                                                                                                                                                                                    1 1 1             1 1 1 1   1 1 1 1 1 1                                                           1 1 1 1 1     1 1 1 1         1 1 1               
                                                                                                                                                                                                                          1 1 1               1 1 1 1 1     1 1 1 1 1 1 1 1 1 1 1               1 1 1 1 1 1 1 1 1 1 1     1 1 1 1 1           1 1 1                     
                                                                                                                                                                                                                                1 1 1 1                 1 1 1 1 1 1 1             1 1 1 1 1 1 1           1 1 1 1 1 1 1 1               1 1 1                           
                                                                                                                                                                                                                                        1 1 1 1                       1 1 1 1 1 1 1 1 1 1 1 1 1 1 1 1 1 1                       1 1 1 1                                 
                                                                                                                                                                                                                                                1 1 1 1 1                                                             1 1 1 1 1                                         
                                                                                                                                                                                                                                                          1 1 1 1 1 1 1 1                             1 1 1 1 1 1 1 1                                                   
                                                                                                                                                                                                                                                                          1 1 1 1 1 1 1 1 1 1 1 1 1 1                                                                   
                                                                                                                                                                                                                                                                                                                                                                        
                                                                                                                                                                                                                                                                                                                                                                        
                                                                                                                                                                                                                                                                                                                                                                        
                                                                                                                                                                                                                                                                                                                                                                        
                                                                                                                                                                                                                                                                                                                                                                        
                                                                                                                                                                                                                                                                                                                                                                        
